ETGB_test
15Sep2015  12Z
 101 -999.00 -999.00      0.0

    hgt    prs     tmp     u       v       spd     dir

     69  997.00   13.80 -999.00 -999.00    8.00  170.00
     94  994.00   13.60 -999.00 -999.00   27.00  185.00
    555  941.00    9.60 -999.00 -999.00   25.00  180.00
    699  925.00    8.40 -999.00 -999.00   25.00  195.00
    905  902.00    6.70 -999.00 -999.00   25.00  205.00
   1392  850.00    2.80 -999.00 -999.00   29.00  205.00
   1402  849.00    2.60 -999.00 -999.00   29.00  205.00
   1928  795.00   -0.50 -999.00 -999.00   31.00  220.00
   2122  776.00   -1.70 -999.00 -999.00   31.00  210.00
   2363  753.00   -3.10 -999.00 -999.00   34.00  210.00
   2937  700.00   -6.70 -999.00 -999.00   41.00  210.00
   3159  680.00   -8.10 -999.00 -999.00   49.00  205.00
   3539  647.00  -10.60 -999.00 -999.00   37.00  215.00
   3939  614.00  -13.20 -999.00 -999.00   43.00  240.00
   4322  584.00  -15.60 -999.00 -999.00   56.00  215.00
   4643  560.00  -17.70 -999.00 -999.00   51.00  205.00
   4656  559.00  -17.80 -999.00 -999.00   51.00  205.00
   5480  500.00  -24.30 -999.00 -999.00   56.00  210.00
   5868  474.00  -27.50 -999.00 -999.00   59.00  213.00
   6595  428.00  -33.00 -999.00 -999.00   64.00  220.00
   6763  418.00  -34.30 -999.00 -999.00   69.00  220.00
   7070  400.00  -37.10 -999.00 -999.00   78.00  220.00
   7494  376.00  -40.90 -999.00 -999.00   80.00  225.00
   7512  375.00  -41.10 -999.00 -999.00   82.00  225.00
   7585  371.00  -39.30 -999.00 -999.00   86.00  225.00
   7716  364.00  -36.90 -999.00 -999.00   93.00  225.00
   7868  356.00  -37.40 -999.00 -999.00  101.00  225.00
   8816  310.00  -40.70 -999.00 -999.00  105.00  225.00
   9040  300.00  -41.50 -999.00 -999.00   99.00  225.00
  10270  250.00  -42.70 -999.00 -999.00   66.00  225.00
  10297  249.00  -42.80 -999.00 -999.00   64.00  225.00
  10544  240.00  -44.10 -999.00 -999.00   64.00  225.00
  10830  230.00  -42.90 -999.00 -999.00   64.00  225.00
  10948  226.00  -42.50 -999.00 -999.00   66.00  225.00
  11038  223.00  -42.10 -999.00 -999.00   62.00  225.00
  11474  209.00  -43.40 -999.00 -999.00   41.00  225.00
  11770  200.00  -44.30 -999.00 -999.00   45.00  220.00
  11972  194.00  -44.60 -999.00 -999.00   45.00  205.00
  12507  179.00  -45.50 -999.00 -999.00   51.00  205.00
  13007  166.00  -46.40 -999.00 -999.00   37.00  215.00
  13549  153.00  -47.30 -999.00 -999.00   51.00  220.00
  13680  150.00  -47.50 -999.00 -999.00   45.00  230.00
  13769  148.00  -47.80 -999.00 -999.00   39.00  230.00
  13858  146.00  -48.10 -999.00 -999.00   34.00  220.00
  13996  143.00  -47.90 -999.00 -999.00   27.00  205.00
  14184  139.00  -47.60 -999.00 -999.00   33.00  195.00
  14729  128.00  -46.70 -999.00 -999.00   31.00  240.00
  14940  124.00  -46.40 -999.00 -999.00   25.00  240.00
  15102  121.00  -46.20 -999.00 -999.00   21.00  215.00
  15268  118.00  -45.90 -999.00 -999.00   23.00  196.00
  15324  117.00  -46.10 -999.00 -999.00   23.00  190.00
  16360  100.00  -49.70 -999.00 -999.00   21.00  230.00
  16559   97.00  -50.70 -999.00 -999.00   19.00  235.00
  16694   95.00  -51.30 -999.00 -999.00   21.00  215.00
  16932   91.60  -52.50 -999.00 -999.00   27.00  220.00
  16975   91.00  -52.00 -999.00 -999.00   27.00  220.00
  17194   88.00  -49.50 -999.00 -999.00   17.00  205.00
  17224   87.60  -49.10 -999.00 -999.00   17.00  207.00
  17420   85.00  -50.30 -999.00 -999.00   16.00  220.00
  17654   82.00  -51.70 -999.00 -999.00   14.00  175.00
  17897   79.00  -53.20 -999.00 -999.00   19.00  170.00
  17946   78.40  -53.50 -999.00 -999.00   20.00  178.00
  18233   75.00  -52.90 -999.00 -999.00   23.00  225.00
  18680   70.00  -51.90 -999.00 -999.00   19.00  225.00
  18773   69.00  -51.20 -999.00 -999.00   16.00  225.00
  18868   68.00  -50.50 -999.00 -999.00    8.00  190.00
  18964   67.00  -49.80 -999.00 -999.00   10.00  170.00
  18974   66.90  -49.70 -999.00 -999.00   10.00  171.00
  19570   61.00  -51.60 -999.00 -999.00   19.00  230.00
  19677   60.00  -51.90 -999.00 -999.00   16.00  245.00
  19786   59.00  -52.20 -999.00 -999.00   10.00  255.00
  20123   56.00  -53.30 -999.00 -999.00    0.00    0.00
  20239   55.00  -53.60 -999.00 -999.00   10.00  165.00
  20322   54.30  -53.90 -999.00 -999.00   12.00  175.00
  20477   53.00  -53.80 -999.00 -999.00   17.00  195.00
  20599   52.00  -53.80 -999.00 -999.00   16.00  200.00
  20850   50.00  -53.70 -999.00 -999.00   14.00  240.00
  21112   48.00  -53.90 -999.00 -999.00   19.00  235.00
  21384   46.00  -54.10 -999.00 -999.00   10.00  245.00
  21669   44.00  -54.30 -999.00 -999.00    6.00  230.00
  21967   42.00  -54.50 -999.00 -999.00   17.00  210.00
  22121   41.00  -54.60 -999.00 -999.00   19.00  235.00
  22280   40.00  -54.70 -999.00 -999.00   10.00  295.00
  22608   38.00  -55.00 -999.00 -999.00    4.00   10.00
  22779   37.00  -55.10 -999.00 -999.00   10.00  110.00
  23134   35.00  -54.90 -999.00 -999.00   14.00  205.00
  23910   31.00  -54.60 -999.00 -999.00    0.00    0.00
  24120   30.00  -54.50 -999.00 -999.00    4.00  185.00
  24770   27.10  -55.70 -999.00 -999.00    8.00  216.00
  25289   25.00  -53.80 -999.00 -999.00   12.00  240.00
  25552   24.00  -52.90 -999.00 -999.00   10.00  275.00
  25939   22.60  -51.50 -999.00 -999.00   10.00  292.00
  26113   22.00  -52.00 -999.00 -999.00   10.00  300.00
  26414   21.00  -52.90 -999.00 -999.00   10.00  315.00
  26730   20.00  -52.10 -999.00 -999.00    4.00  250.00
  27064   19.00  -51.90 -999.00 -999.00   16.00  310.00
  27415   18.00  -51.80 -999.00 -999.00   10.00  325.00
  27787   17.00  -51.50 -999.00 -999.00    0.00    0.00
  28181   16.00  -51.40 -999.00 -999.00   10.00  280.00
  28601   15.00  -51.10 -999.00 -999.00   10.00  305.00
  29049   14.00  -50.90 -999.00 -999.00   10.00  325.00

