    254      0     21      JUN    2016
      1  53103  72376  35.23N111.82W  2179   2302
      2    100    100   1300    133  99999      3
      3           FGZ                   52     kt
      9   7890   2179    340    -60    150      7
      4  10000     64  99999  99999  99999  99999
      4   9250    770  99999  99999  99999  99999
      4   8500   1523  99999  99999  99999  99999
      5   7710   2385    304    -76  99999  99999
      6   7664   2438  99999  99999    150     12
      6   7403   2743  99999  99999    130     10
      5   7320   2842    258    -82  99999  99999
      4   7000   3233    222    -88    140     10
      6   6657   3657  99999  99999    130     12
      6   6193   4267  99999  99999    180      5
      5   5980   4562     94   -106  99999  99999
      6   5752   4876  99999  99999     95      7
      4   5000   6010    -49   -139    140      3
      6   4945   6096  99999  99999      0      0
      5   4900   6168    -65   -135  99999  99999
      5   4700   6491    -97   -146  99999  99999
      5   4450   6909   -133   -193  99999  99999
      6   4391   7010  99999  99999      0      0
      5   4390   7012   -137   -227  99999  99999
      5   4360   7064   -139   -309  99999  99999
      5   4350   7081   -141   -291  99999  99999
      5   4330   7116   -143   -373  99999  99999
      5   4310   7151   -143   -383  99999  99999
      6   4053   7620  99999  99999    125     11
      4   4000   7720   -189   -369    120     13
      5   3970   7776   -197   -377  99999  99999
      5   3800   8099   -217   -447  99999  99999
      5   3650   8393   -241   -441  99999  99999
      5   3420   8864   -261   -461  99999  99999
      6   3289   9144  99999  99999    100     30
      5   3270   9186   -289   -399  99999  99999
      5   3150   9452   -307   -427  99999  99999
      5   3060   9657   -315   -505  99999  99999
      6   3020   9753  99999  99999    100     22
      4   3000   9800   -329   -509    100     22
      5   2790  10304   -373   -563  99999  99999
      5   2600  10788   -387   -677  99999  99999
      6   2532  10972  99999  99999    130     15
      4   2500  11060   -413   -603    130     16
      5   2400  11335   -437   -587  99999  99999
      5   2180  11971   -493   -703  99999  99999
      5   2150  12061   -497   -687  99999  99999
      5   2110  12183   -509   -599  99999  99999
      5   2070  12307   -519   -589  99999  99999
      5   2040  12401   -523   -593  99999  99999
      6   2010  12496  99999  99999    120     18
      4   2000  12530   -529   -659    120     18
      5   1970  12627   -533   -693  99999  99999
      5   1880  12926   -545   -685  99999  99999
      5   1840  13063   -553   -713  99999  99999
      6   1827  13106  99999  99999    140     15
      6   1504  14326  99999  99999    145     19
      4   1500  14340   -659   -809    140     19
      5   1450  14544   -679   -809  99999  99999
      5   1380  14840   -683   -823  99999  99999
      7   1300  15195   -714   -854    230      2
      6   1290  15240  99999  99999    170      1
      5   1270  15334   -705   -855  99999  99999
      5   1220  15572   -705   -865  99999  99999
      5   1180  15769   -719   -879  99999  99999
      5   1140  15972   -714   -874  99999  99999
      6   1105  16154  99999  99999    200     16
      5   1060  16398   -735   -885  99999  99999
      5   1010  16680   -729   -879  99999  99999
      4   1000  16740   -739   -889     60      4
      6    897  17373  99999  99999    145     27
      5    871  17546   -725   -905  99999  99999
      6    852  17678  99999  99999    145     22
      5    806  18006   -673   -893  99999  99999
      6    769  18288  99999  99999    205     11
      5    731  18592   -681   -941  99999  99999
      6    731  18592  99999  99999    325     11
      4    700  18860   -673   -943     15     10
      6    696  18897  99999  99999     50     10
      5    665  19169   -661   -941  99999  99999
      5    598  19810   -669   -959  99999  99999
      6    598  19812  99999  99999    115     20
      6    569  20116  99999  99999    100     21
      5    562  20186   -647   -947  99999  99999
      6    541  20421  99999  99999    120     23
      5    533  20508   -653   -943  99999  99999
      6    514  20726  99999  99999     60     10
      4    500  20900   -611   -921     80     18
      5    496  20950   -603   -913  99999  99999
      6    490  21031  99999  99999     80     18
      5    479  21167   -607   -917  99999  99999
      6    466  21336  99999  99999     85     19
      5    463  21379   -585   -895  99999  99999
      6    444  21640  99999  99999    120     10
      6    423  21945  99999  99999     75     15
      5    386  22519   -587   -897  99999  99999
      6    384  22555  99999  99999    110     30
      6    366  22860  99999  99999    110     21
      5    357  23010   -573   -893  99999  99999
      6    348  23164  99999  99999     75     19
      5    337  23376   -541   -871  99999  99999
      6    332  23469  99999  99999     60     25
      6    317  23774  99999  99999     80     25
      4    300  24130   -533   -863     80     23
      5    292  24304   -523   -853  99999  99999
      6    288  24384  99999  99999     70     15
      6    275  24688  99999  99999     65     21
      5    260  25052   -529   -859  99999  99999
      6    239  25603  99999  99999     95     26
      5    229  25878   -479   -829  99999  99999
      6    228  25908  99999  99999     90     10
      6    208  26517  99999  99999     55     23
      5    206  26577   -461   -811  99999  99999
      4    200  26780   -459   -809     70     27
      5    191  27086   -451   -801  99999  99999
      6    181  27432  99999  99999     80     24
      6    173  27736  99999  99999     95     30
      6    165  28041  99999  99999    130     21
      5    164  28097   -467   -817  99999  99999
      6    158  28346  99999  99999    100     22
      5    146  28873   -425   -785  99999  99999
      6    144  28956  99999  99999     95     26
      6    138  29260  99999  99999     70     21
      5    133  29502   -419   -779  99999  99999
      6    126  29870  99999  99999     95     29
      5    123  30027   -441   -801  99999  99999
      5    118  30305   -435   -795  99999  99999
      5    115  30479   -409   -779  99999  99999
      6    115  30480  99999  99999     80     17
      5    102  31291   -419   -779  99999  99999
      6    101  31394  99999  99999     70     37
      4    100  31430   -411   -781     75     38
      5     97  31637   -407   -777  99999  99999