USER DEFINED LAYER OUTPUT

Date: 21JUN2016   Time: 0  Latitude:   35.2300     Longitude:   -1.0000
Elevation: 2179.00     Ceiling:  -999.0     Visibility:  -999.0

Layer   Height  Wind Direction  Wind Speed   Virt Temp  Pressure  Temperature
          (m)      (degrees)      (kn)          (K)      (hPa)        (K)

  0          0        150           7.0         307.7     789.0      307.2
  1         25        150           7.5         307.3     786.8      306.7
  2         75        150           8.4         306.4     782.4      305.8
  3        150        150           9.9         305.1     775.9      304.5
  4        250        150          11.6         303.6     767.2      303.1
  5        350        145          11.3         302.6     758.6      302.1
  6        450        138          10.6         301.6     750.1      301.1
  7        550        132          10.1         300.6     741.6      300.1
  8        650        132          10.0         299.6     733.2      299.1
  9        750        134          10.0         298.7     724.7      298.2
 10        850        136          10.0         297.7     716.5      297.2
 11        950        138          10.0         296.8     708.3      296.3
 12       1050        139          10.0         295.9     700.2      295.4
 13       1150        137          10.4         294.9     692.1      294.4
 14       1250        135          10.9         294.0     684.3      293.5
 15       1350        133          11.4         293.0     676.4      292.5
 16       1450        131          11.8         292.0     668.5      291.5
 17       1550        132          11.0         291.1     660.7      290.6
 18       1650        136           9.6         290.1     653.0      289.6
 19       1750        142           8.3         289.2     645.3      288.7
 20       1850        149           7.0         288.2     637.7      287.7
 21       1950        160           6.0         287.2     630.2      286.7
 22       2100        172           4.9         285.8     619.0      285.3
 23       2300        145           4.2         283.8     604.3      283.4
 24       2500        113           5.1         281.9     589.4      281.4
 25       2700         97           6.6         279.9     575.4      279.4
 26       2900         99           6.1         277.9     561.5      277.5
 27       3100        103           5.3         275.9     547.8      275.5
 28       3300        109           4.5         274.0     534.4      273.5
 29       3500        118           3.9         272.0     521.1      271.5
 30       3700        130           3.3         270.0     508.2      269.6
 31       3900        139           1.1         268.0     495.6      267.6
 32       4250        180           0.0         264.5     473.7      264.1
 33       4750        125           0.5         260.2     443.8      260.0
 34       5250        125           7.6         256.7     415.3      256.6
 35       5750        114          15.3         252.6     388.8      252.6
 36       6250        106          21.2         249.1     363.2      249.1
 37       6750        101          27.3         246.4     338.9      246.3
 38       7250        100          26.3         242.8     316.0      242.8
 39       7750        103          21.0         239.2     294.5      239.1
 40       8250        113          17.6         235.6     274.0      235.6
 41       8750        127          15.7         233.0     254.7      233.0
 42       9250        127          16.5         228.6     236.6      228.6
 43       9750        124          17.1         224.3     219.5      224.3
 44      10250        121          17.7         220.8     203.1      220.8
 45      10750        133          15.7         218.5     187.9      218.5
 46      11250        142          16.0         214.8     173.4      214.8
 47      11750        144          17.7         210.7     160.3      210.7
 48      12250        143          16.4         206.5     147.8      206.5
 49      12750        153           6.1         203.9     135.9      203.9
 50      13250        196           4.1         202.4     125.0      202.4
 51      13750        199          12.2         201.4     114.8      201.4
 52      14250        190           7.2         200.1     105.4      200.1
 53      14750        128           8.9         199.7      96.8      199.7
 54      15250        144          23.9         200.6      88.9      200.6
 55      15750        159          15.7         204.6      81.7      204.6
 56      16500          6           2.7         205.7      72.1      205.7
 57      17500        104          16.9         206.9      61.1      206.9
 58      18500         95          16.6         210.1      51.8      210.1
 59      19500         90          14.7         214.4      44.1      214.4
 60      20500        103          23.0         215.2      37.6      215.2
 61      21500         73          23.4         219.2      32.1      219.2
 62      22500         72          19.8         220.6      27.6      220.6
 63      23500         88          19.0         223.9      23.6      223.9
 64      24500         67          23.2         227.1      20.3      227.1
 65      25500         96          23.7         227.1      17.5      227.1
 66      26500         97          23.3         229.4      15.0      229.4
 67      27250         79          22.9         231.0      13.4      231.0
 68      27750         92          26.5         229.6      12.5      229.6
 69      28500         77          23.0         231.4      11.2      231.4
