USER DEFINED level output

Date: 21JUN2016   Time: 0  Latitude:   35.2300     Longitude:   -1.0000
Elevation: 2179.00     Ceiling:  -999.0     Visibility:  -999.0

 Line   Pressure    Height   Wind Direction  Wind Speed  Virt Temp Temperature
          (hPa)       (m)      (degrees)       (kn)         (K)        (K)

  0        789          0         150            7.0         307.7      307.2
  1        775        160         150           10.1         304.9      304.4
  2        750        452         138           10.6         301.6      301.1
  3        725        749         134           10.0         298.7      298.2
  4        700       1054         140           10.0         295.9      295.4
  5        675       1380         132           11.4         292.7      292.2
  6        650       1705         138            9.1         289.6      289.1
  7        625       2031         168            5.5         286.4      285.9
  8        600       2357         135            4.3         283.3      282.8
  9        575       2723          95            7.0         279.7      279.2
 10        550       3092         103            5.4         276.0      275.6
 11        525       3462         116            4.0         272.3      271.9
 12        500       3831         140            3.0         268.7      268.3
 13        475       4231         360            0.0         264.7      264.3
 14        450       4646         360            0.0         260.9      260.6
 15        425       5082         125            4.6         258.0      258.0
 16        400       5541         120           13.0         254.3      254.3
 17        380       5920         111           17.5         251.5      251.5
 18        370       6116         107           19.9         249.9      249.9
 19        360       6316         105           22.3         248.7      248.6
 20        350       6521         103           24.8         247.8      247.8
 21        340       6728         101           27.2         246.7      246.7
 22        330       6943         100           29.7         244.9      244.8
 23        320       7162         100           27.4         243.3      243.2
 24        310       7387         100           24.4         242.0      242.0
 25        300       7621         100           22.0         240.3      240.3
 26        290       7861         105           20.1         238.2      238.2
 27        280       8101         110           18.4         236.1      236.1
 28        270       8354         117           16.9         235.2      235.2
 29        260       8609         124           15.7         234.5      234.5
 30        250       8881         130           16.0         231.9      231.9
 31        240       9156         128           16.4         229.5      229.5
 32        230       9445         126           16.8         226.9      226.9
 33        220       9734         124           17.2         224.4      224.4
 34        210      10035         122           17.6         222.0      222.0
 35        200      10351         120           18.0         220.3      220.3
 36        190      10681         131           16.0         218.9      218.9
 37        180      11034         141           15.3         216.6      216.6
 38        170      11410         142           16.6         213.5      213.5
 39        160      11785         144           17.8         210.4      210.4
 40        150      12161         140           19.0         207.3      207.3
 41        140      12576         146            9.6         205.0      205.0
 42        130      13016         230            2.0         201.8      201.8
 43        120      13492         198            8.2         202.0      202.0
 44        110      14006         200           15.1         200.7      200.7
 45        100      14561          60            4.0         199.3      199.3
 46         90      15186         145           26.2         200.3      200.3
 47         80      15874         172           13.1         205.8      205.8
 48         75      16265         265            5.5         205.3      205.3
 49         70      16681          15           10.0         205.9      205.9
 50         65      17134          93           12.6         206.9      206.9
 51         60      17612         114           19.7         206.3      206.3
 52         55      18140         114           22.1         208.2      208.2
 53         50      18721          80           18.0         212.1      212.1
 54         45      19392         106           11.9         214.6      214.6
 55         40      20133         101           23.0         214.5      214.5
 56         35      20959          79           18.8         217.0      217.0
 57         30      21951          80           23.0         219.9      219.9
 58         25      23139          87           23.8         221.9      221.9
 59         20      24601          70           27.0         227.3      227.3
 60         15      26522          97           24.3         229.7      229.7
 61         10      29251          75           38.0         232.1      232.1
