USER DEFINED layer output

Date: 21JUN2016   Time: 0  Latitude:   35.2300     Longitude:   -1.0000
Elevation: 2179.00     Ceiling:  -999.0     Visibility:  -999.0

 Line  Pres Midpt Hgt Midpt  Wind Direction  Wind Speed   Virt Temp Temperature
         (hPa)       (m)       (degrees)       (kn)          (K)        (K)

  0      789.0          0         150           7.0         307.7      307.2
  1      782.0         80         150           8.5         306.3      305.8
  2      762.5        306         146          11.2         303.1      302.6
  3      737.5        599         133          10.1         300.1      299.6
  4      712.5        901         137          10.0         297.3      296.8
  5      687.5       1217         136          10.7         294.3      293.8
  6      662.5       1543         133          11.0         291.2      290.7
  7      637.5       1868         149           7.1         288.0      287.5
  8      612.5       2194         163           4.5         284.9      284.4
  9      587.5       2538         110           5.4         281.5      281.0
 10      562.5       2908          98           6.2         277.8      277.4
 11      537.5       3277         108           4.7         274.2      273.7
 12      512.5       3646         126           3.4         270.5      270.1
 13      487.5       4030         140           0.3         266.7      266.3
 14      462.5       4438         180           0.0         262.8      262.4
 15      437.5       4860         125           1.3         259.5      259.3
 16      412.5       5312         124           8.7         256.2      256.1
 17      390.0       5730         115          15.2         252.7      252.7
 18      375.0       6018         109          18.7         250.7      250.7
 19      365.0       6215         106          21.1         249.2      249.2
 20      355.0       6419         104          23.5         248.2      248.2
 21      345.0       6624         102          26.0         247.3      247.3
 22      335.0       6835         101          28.5         245.8      245.8
 23      325.0       7052         100          28.8         244.0      244.0
 24      315.0       7274         100          25.9         242.6      242.5
 25      305.0       7503         100          23.0         241.3      241.3
 26      295.0       7741         102          21.1         239.2      239.2
 27      285.0       7981         107          19.3         237.1      237.1
 28      275.0       8227         113          17.6         235.6      235.6
 29      265.0       8482         120          16.3         234.8      234.8
 30      255.0       8745         128          15.4         233.2      233.2
 31      245.0       9018         129          16.2         230.7      230.7
 32      235.0       9301         127          16.6         228.2      228.2
 33      225.0       9590         125          17.0         225.6      225.6
 34      215.0       9883         123          17.4         223.3      223.3
 35      205.0      10192         121          17.8         221.0      221.0
 36      195.0      10515         125          16.9         219.6      219.6
 37      185.0      10853         137          15.4         218.0      218.0
 38      175.0      11222         141          15.9         215.1      215.1
 39      165.0      11598         143          17.2         211.9      211.9
 40      155.0      11973         144          18.4         208.8      208.8
 41      145.0      12367         142          14.3         205.7      205.7
 42      135.0      12795         158           5.0         203.6      203.6
 43      125.0      13251         196           4.2         202.5      202.5
 44      115.0      13745         199          12.3         201.4      201.4
 45      105.0      14278         187           6.2         200.0      200.0
 46       95.0      14873         136          13.4         199.8      199.8
 47       85.0      15519         149          20.6         202.6      202.6
 48       77.5      16069         197           9.5         205.5      205.5
 49       72.5      16468         335           8.1         205.3      205.3
 50       67.5      16903          71          10.3         206.6      206.6
 51       62.5      17373         106          15.9         206.6      206.6
 52       57.5      17872         108          20.7         207.6      207.6
 53       52.5      18426          99          15.2         209.3      209.3
 54       47.5      19046          85          17.3         213.4      213.4
 55       42.5      19763          93          14.6         214.6      214.6
 56       37.5      20531         105          23.7         215.1      215.1
 57       32.5      21445          73          23.2         219.1      219.1
 58       27.5      22527          74          20.2         220.6      220.6
 59       22.5      23838          78          19.2         225.2      225.2
 60       17.5      25520          91          23.6         227.6      227.6
 61       12.5      27790          83          24.7         230.8      230.8
