USER DEFINED LEVEL OUTPUT (RAOB)

Date: 21JUN2016   Time: 0  Latitude:   35.2300     Longitude:   -1.0000
Elevation: 2179.00     Ceiling:  -999.0     Visibility:  -999.0

Level   Height  Wind Direction  Wind Speed   Virt Temp  Pressure  Temperature
          (m)      (degrees)      (kn)        (K*10)      (hPa)      (K*10)

  0          0        150           7.0        307.7      789.0      307.2
  1         50        150           8.0        306.8      784.6      306.3
  2        100        150           8.9        306.0      780.3      305.4
  3        200        150          10.9        304.2      771.6      303.7
  4        300        148          11.7        303.1      762.9      302.6
  5        400        142          10.9        302.1      754.3      301.6
  6        500        135          10.3        301.1      745.8      300.6
  7        600        131          10.0        300.1      737.4      299.6
  8        700        133          10.0        299.1      728.9      298.6
  9        800        135          10.0        298.2      720.6      297.7
 10        900        137          10.0        297.3      712.4      296.8
 11       1000        139          10.0        296.4      704.2      295.9
 12       1100        139          10.2        295.4      696.3      294.9
 13       1200        136          10.7        294.5      688.3      294.0
 14       1300        134          11.1        293.5      680.3      293.0
 15       1400        132          11.6        292.5      672.4      292.0
 16       1500        131          11.7        291.6      664.6      291.1
 17       1600        134          10.3        290.6      656.8      290.1
 18       1700        139           8.9        289.6      649.1      289.1
 19       1800        145           7.6        288.7      641.5      288.2
 20       1900        154           6.5        287.7      634.0      287.2
 21       2000        166           5.6        286.7      626.5      286.2
 22       2200        163           4.4        284.8      611.7      284.3
 23       2400        128           4.5        282.9      596.8      282.4
 24       2600        103           6.0        280.9      582.5      280.4
 25       2800         97           6.6        278.9      568.4      278.4
 26       3000        101           5.7        276.9      554.6      276.5
 27       3200        106           4.9        274.9      541.0      274.5
 28       3400        113           4.2        273.0      527.7      272.5
 29       3600        123           3.5        271.0      514.6      270.5
 30       3800        137           3.1        269.0      501.8      268.6
 31       4000        360           0.0        267.0      489.3      266.6
 32       4500        360           0.0        262.2      458.7      261.8
 33       5000        125           3.0        258.7      429.4      258.6
 34       5500        122          12.2        254.7      401.8      254.6
 35       6000        110          18.2        250.8      375.9      250.8
 36       6500        103          24.2        247.9      350.9      247.8
 37       7000        100          29.5        244.4      327.3      244.3
 38       7500        100          23.0        241.5      305.0      241.4
 39       8000        107          19.2        237.0      284.1      237.0
 40       8500        120          16.2        234.8      264.2      234.8
 41       9000        129          16.1        230.8      245.6      230.8
 42       9500        125          16.8        226.4      227.9      226.4
 43      10000        122          17.5        222.3      211.1      222.3
 44      10500        124          17.0        219.7      195.4      219.7
 45      11000        140          15.2        216.9      180.7      216.9
 46      11500        143          16.9        212.7      166.9      212.7
 47      12000        145          18.5        208.6      153.9      208.6
 48      12500        144          11.5        205.1      141.8      205.1
 49      13000        220           2.0        201.9      130.4      201.9
 50      13500        198           8.1        201.9      119.8      201.9
 51      14000        200          15.2        200.7      110.1      200.7
 52      14500         85           2.5        200.3      101.0      200.3
 53      15000        141          18.9        200.0       92.8      200.0
 54      15500        145          22.0        202.2       85.2      202.2
 55      16000        188          11.5        205.6       78.3      205.6
 56      17000         80          11.0        207.0       66.4      207.0
 57      18000        104          21.2        208.4       56.3      208.4
 58      19000         82          18.5        212.6       47.8      212.6
 59      20000         94          19.8        214.5       40.8      214.5
 60      21000         74          19.3        217.3       34.8      217.3
 61      22000         79          21.4        220.1       29.8      220.1
 62      23000         83          22.9        221.0       25.5      221.0
 63      24000         67          15.1        226.0       21.9      226.0
 64      25000         76          25.1        227.9       18.8      227.9
 65      26000        116          20.7        226.9       16.2      226.9
 66      27000         78          21.9        231.0       14.0      231.0
 67      27500         89          26.0        230.5       13.0      230.5
 68      28000         89          22.7        229.4       12.0      229.4
 69      29000         71          32.2        231.4       10.4      231.4
