USER DEFINED LEVEL OUTPUT

Date: 15Dec2015   Time: 00Z  Latitude:   39.0700     Longitude:  -95.6200
Elevation:  270.00     Ceiling:  -999.0     Visibility:  -999.0

Level   Height  Wind Direction  Wind Speed   Virt Temp  Pressure  Temperature
          (m)      (degrees)      (kn)          (K)      (hPa)       (K)

  0          0        300           5.0        279.0      974.0      278.2
  1         50        298           6.4        278.2      968.0      277.4
  2        100        296           7.5        277.8      962.0      277.0
  3        200        293           9.8        276.9      950.3      276.1
  4        300        291          12.1        276.0      938.6      275.3
  5        400        290          13.8        275.2      926.5      274.5
  6        500        292          13.5        275.1      915.0      274.4
  7        600        294          12.4        276.2      903.7      275.4
  8        700        290          12.4        276.3      892.6      275.4
  9        800        282          13.4        275.7      881.6      274.9
 10        900        274          14.3        276.8      870.7      276.0
 11       1000        272          16.8        279.1      860.1      278.3
 12       1100        275          21.0        279.5      849.7      278.8
 13       1200        281          20.2        280.5      839.4      279.9
 14       1300        286          19.0        280.8      829.2      280.3
 15       1400        291          17.9        280.9      819.2      280.4
 16       1500        296          16.9        281.0      809.3      280.6
 17       1600        300          16.9        282.0      799.5      281.9
 18       1700        300          18.4        282.8      789.9      282.7
 19       1800        300          20.0        282.7      780.4      282.6
 20       1900        300          21.4        282.6      771.0      282.4
 21       2000        300          23.5        282.1      761.8      281.9
 22       2200        299          27.3        281.0      743.5      280.8
 23       2400        292          29.2        279.9      725.6      279.7
 24       2600        287          30.0        278.7      708.1      278.4
 25       2800        283          30.1        277.1      690.9      276.9
 26       3000        281          30.3        275.5      674.0      275.2
 27       3200        278          30.6        273.8      657.5      273.6
 28       3400        275          31.0        272.2      640.1      272.0
 29       3600        270          30.4        270.5      624.2      270.3
 30       3800        265          30.1        268.8      608.6      268.7
 31       4000        260          30.0        267.2      593.3      267.0
 32       4500        255          35.6        263.0      556.5      262.8
 33       5000        261          36.0        259.4      522.2      259.3
 34       5500        268          38.1        255.4      488.8      255.4
 35       6000        274          41.6        252.1      456.8      252.1
 36       6500        272          43.9        247.7      426.6      247.7
 37       7000        269          46.1        243.3      397.8      243.3
 38       7500        264          51.1        239.1      370.5      239.1
 39       8000        263          63.9        236.6      345.0      236.6
 40       8500        261          77.3        233.1      320.9      233.1
 41       9000        260          87.7        232.2      298.3      232.2
 42       9500        254          79.4        229.6      277.0      229.6
 43      10000        250          82.7        227.2      256.9      227.2
 44      10500        250         102.3        226.5      238.2      226.5
 45      11000        248         111.0        227.0      221.0      227.0
 46      11500        246         111.7        225.6      204.9      225.6
 47      12000        242         114.9        224.0      189.9      224.0
 48      12500        240         116.2        222.5      175.9      222.5
 49      13000        240         114.1        219.9      162.9      219.9
 50      13500        245          94.5        219.0      150.7      219.0
 51      14000        244          84.6        216.3      139.3      216.3
 52      14500        241          83.4        214.0      128.6      214.0
 53      15000        245          71.9        212.4      118.6      212.4
 54      15500        241          53.9        210.8      109.4      210.8
 55      16000        222          45.3        206.9      100.8      206.9
 56      17000        219          54.7        205.7       85.4      205.7
 57      18000        205          47.2        206.7       72.5      206.7
 58      19000        222          28.2        209.9       61.4      209.9
 59      20000        272           9.6        208.4       52.2      208.4
 60      21000        209           6.4        211.3       44.3      211.3
 61      22000        256          12.4        215.1       37.8      215.1
 62      23000        287           8.8        213.0       32.2      213.0
 63      24000        244          10.5        216.0       27.5      216.0
 64      25000        283          17.4        217.3       23.5      217.3
 65      26000        291          24.0        215.9       20.0      215.9
 66      27000        294          28.2        214.3       17.1      214.3
 67      27500        314          35.3        215.4       15.8      215.4
 68      28000        293          40.9        216.8       14.6      216.8
 69      29000        299          46.8        219.7       12.5      219.7
 70      30000        295          51.7        219.3       10.7      219.3
 71      31000        286          56.2        218.9        9.1      218.9
 72      32000        280          58.0        217.3        7.8      217.3
