USER DEFINED level output

Date: 15Dec2015   Time: 00Z  Latitude:   39.0700     Longitude:  -95.6200
Elevation:  270.00     Ceiling:  -999.0     Visibility:  -999.0

 Line   Pressure    Height   Wind Direction  Wind Speed  Virt Temp Temperature
          (mb)        (m)      (degrees)       (kn)         (K)        (K)

  0        974          0         300            5.0         279.0      278.2
  1        950        199         293            9.8         276.9      276.2
  2        925        412         290           14.0         275.1      274.4
  3        900        633         295           12.1         276.5      275.7
  4        875        860         277           14.0         275.5      274.7
  5        850       1097         275           21.0         279.5      278.8
  6        825       1342         288           18.5         280.8      280.3
  7        800       1596         300           16.8         281.9      281.8
  8        775       1859         300           20.9         282.7      282.6
  9        750       2128         300           26.2         281.4      281.2
 10        725       2407         292           29.3         279.8      279.6
 11        700       2694         285           30.0         278.0      277.8
 12        675       2981         281           30.3         275.6      275.4
 13        650       3279         277           30.8         273.2      273.0
 14        625       3589         270           30.4         270.6      270.4
 15        600       3911         262           30.0         267.9      267.8
 16        575       4247         256           34.1         265.1      264.9
 17        550       4598         255           36.0         262.2      262.0
 18        525       4960         260           36.0         259.6      259.5
 19        500       5330         265           36.0         257.1      257.1
 20        475       5712         273           39.6         254.4      254.3
 21        450       6107         274           42.1         251.2      251.2
 22        425       6521         272           43.9         247.5      247.5
 23        400       6960         270           46.0         243.7      243.7
 24        380       7322         265           46.9         240.6      240.6
 25        370       7511         264           51.3         239.0      239.0
 26        360       7704         264           56.3         237.8      237.8
 27        350       7900         263           61.1         237.4      237.4
 28        340       8101         262           66.7         235.8      235.8
 29        330       8308         262           72.4         234.2      234.2
 30        320       8519         261           77.8         233.0      233.0
 31        310       8736         260           83.4         232.4      232.4
 32        300       8960         260           88.0         232.3      232.3
 33        290       9188         258           84.5         231.2      231.2
 34        280       9424         255           80.6         230.0      230.0
 35        270       9668         252           76.8         228.7      228.7
 36        260       9920         250           79.9         227.4      227.4
 37        250      10180         250           89.0         226.9      226.9
 38        240      10451         250          100.2         226.4      226.4
 39        230      10735         250          111.0         226.7      226.7
 40        220      11029         248          111.0         227.0      227.0
 41        210      11337         247          111.4         226.1      226.1
 42        200      11660         245          112.0         225.1      225.1
 43        190      11996         242          114.9         224.0      224.0
 44        180      12349         240          116.8         222.9      222.9
 45        170      12723         240          115.2         221.8      221.8
 46        160      13116         240          114.0         219.7      219.7
 47        150      13530         245           93.0         218.9      218.9
 48        140      13968         244           84.6         216.6      216.6
 49        130      14434         241           83.5         214.0      214.0
 50        120      14929         244           74.3         212.7      212.7
 51        110      15469         241           55.0         211.1      211.1
 52        100      16050         220           45.0         206.5      206.5
 53         90      16684         218           53.5         204.4      204.4
 54         80      17393         229           47.3         205.6      205.6
 55         75      17792         212           38.2         208.0      208.0
 56         70      18210         205           47.0         205.9      205.9
 57         65      18656         225           32.5         207.0      207.0
 58         60      19145         221           26.3         209.5      209.5
 59         55      19677         279            9.6         210.0      210.0
 60         50      20260         260           13.0         210.1      210.1
 61         45      20911         220            7.1         210.7      210.7
 62         40      21644         218            2.2         213.1      213.1
 63         35      22481         278           13.1         214.9      214.9
 64         30      23450         295            6.0         214.7      214.7
 65         25      24597         279           13.6         215.8      215.8
 66         20      26010         290           24.0         215.9      215.9
 67         15      27819         300           38.5         215.8      215.8
 68         10      30420         290           55.0         220.1      220.1
