USER DEFINED LAYER OUTPUT

Date: 15Dec2015   Time: 00Z  Latitude:   39.0700     Longitude:  -95.6200
Elevation:  270.00     Ceiling:  -999.0     Visibility:  -999.0

Layer   Height  Wind Direction  Wind Speed   Virt Temp  Pressure  Temperature
          (m)      (degrees)      (kn)          (K)      (hPa)        (K)

  0          0        300           5.0         279.0     974.0      278.2
  1         25        299           5.7         278.5     971.0      277.7
  2         75        297           6.9         278.0     965.0      277.2
  3        150        294           8.6         277.3     956.1      276.6
  4        250        291          10.9         276.5     944.4      275.7
  5        350        290          13.1         275.6     932.2      274.9
  6        450        291          13.9         274.9     920.6      274.2
  7        550        293          13.0         275.6     909.4      274.9
  8        650        293          12.2         276.4     898.1      275.6
  9        750        286          12.9         276.0     887.1      275.1
 10        850        278          13.9         275.7     876.2      274.9
 11        950        271          15.3         278.6     865.4      277.7
 12       1050        274          18.8         279.2     854.9      278.4
 13       1150        278          20.5         280.0     844.5      279.3
 14       1250        283          19.6         280.7     834.3      280.2
 15       1350        288          18.5         280.8     824.2      280.3
 16       1450        293          17.4         280.9     814.2      280.5
 17       1550        299          16.4         281.5     804.4      281.3
 18       1650        300          17.6         282.5     794.8      282.4
 19       1750        300          19.2         282.8     785.1      282.7
 20       1850        300          20.7         282.7     775.7      282.6
 21       1950        300          22.5         282.3     766.4      282.2
 22       2100        300          25.6         281.5     752.6      281.3
 23       2300        295          28.2         280.4     734.5      280.2
 24       2500        289          29.8         279.3     716.8      279.1
 25       2700        285          30.0         277.9     699.5      277.7
 26       2900        282          30.2         276.3     682.4      276.1
 27       3100        279          30.5         274.6     665.7      274.4
 28       3300        276          30.8         273.0     649.3      272.8
 29       3500        272          30.7         271.3     632.1      271.1
 30       3700        267          30.2         269.7     616.4      269.5
 31       3900        262          30.0         268.0     600.9      267.9
 32       4250        256          33.6         265.1     574.4      264.9
 33       4750        257          35.9         261.0     539.2      260.9
 34       5250        264          36.3         257.6     505.2      257.5
 35       5750        273          39.9         254.0     472.6      254.0
 36       6250        273          42.7         249.9     441.1      249.9
 37       6750        271          45.0         245.5     412.1      245.5
 38       7250        266          47.3         241.2     383.9      241.2
 39       7750        263          57.4         237.8     357.6      237.8
 40       8250        262          70.7         234.7     332.6      234.7
 41       8750        260          83.5         232.4     309.3      232.4
 42       9250        257          83.4         230.9     287.3      230.9
 43       9750        251          77.9         228.3     266.8      228.3
 44      10250        250          92.0         226.6     247.4      226.6
 45      10750        249         109.2         226.7     229.5      226.7
 46      11250        247         111.3         226.4     212.8      226.4
 47      11750        244         112.9         224.8     197.3      224.8
 48      12250        240         116.4         223.2     182.8      223.2
 49      12750        240         115.1         221.5     169.2      221.5
 50      13250        241         106.9         219.7     156.7      219.7
 51      13750        245          87.2         217.9     144.9      217.9
 52      14250        242          84.0         214.7     133.9      214.7
 53      14750        242          79.4         213.4     123.6      213.4
 54      15250        243          62.9         211.3     113.9      211.3
 55      15750        233          48.3         208.8     105.0      208.8
 56      16500        217          50.7         205.1      92.7      205.1
 57      17500        218          44.9         206.7      78.7      206.7
 58      18500        214          37.5         207.1      66.7      207.1
 59      19500        239          14.8         209.4      56.6      209.4
 60      20500        249          10.1         209.9      48.1      209.9
 61      21500        226           4.9         213.1      40.9      213.1
 62      22500        276          12.3         214.6      34.9      214.6
 63      23500        278           5.8         214.7      29.8      214.7
 64      24500        272          14.0         216.4      25.4      216.4
 65      25500        283          20.0         216.7      21.7      216.7
 66      26500        284          23.7         214.2      18.5      214.2
 67      27250        305          31.7         215.3      16.4      215.3
 68      27750        303          37.7         215.6      15.2      215.6
 69      28500        294          44.1         218.4      13.5      218.4
 70      29500        301          49.3         219.4      11.5      219.4
 71      30500        289          54.5         219.6       9.9      219.6
 72      31500        283          57.2         217.9       8.4      217.9
