USER DEFINED output

Date: 2015-12-15   Time: 00:00:00  Latitude:  39.07000     Longitude: -95.62000
Elevation:  269.77     Ceiling:  -999.0     Visibility:  -999.0

 Line   Height  Wind Direction  Wind Speed   Virt Temp  Pressure  Temperature
          (m)      (degrees)      (kn)          (K)      (hPa)        (K)

  0          0        297           9.0        278.1     974.1      277.4
  1         25        298           9.2        277.8     971.0      277.1
  2         75        299          11.1        277.2     964.9      276.5
  3        150        300          11.9        276.4     956.0      275.7
  4        250        301          12.5        275.4     944.3      274.7
  5        350        305          12.8        274.5     932.6      273.8
  6        450        322          13.7        273.9     921.1      273.2
  7        550        340          13.8        273.9     909.7      273.2
  8        650        345          11.3        274.4     898.4      273.6
  9        750        327           8.9        276.6     887.3      275.8
 10        850        310           9.6        277.9     876.4      277.0
 11        950        305          11.6        278.3     865.7      277.4
 12       1050        307          13.8        278.7     855.2      277.8
 13       1150        311          15.6        279.3     844.8      278.5
 14       1250        315          17.0        280.1     834.5      279.4
 15       1350        318          18.1        280.8     824.4      280.2
 16       1450        319          19.0        281.4     814.5      281.0
 17       1550        319          19.8        281.7     804.6      281.4
 18       1650        318          20.5        281.9     794.9      281.6
 19       1750        316          21.2        281.9     785.4      281.8
 20       1850        312          22.0        281.8     775.9      281.6
 21       1950        309          22.8        281.6     766.6      281.5
 22       2100        303          24.2        281.0     752.7      280.8
 23       2300        294          26.3        279.9     734.6      279.7
 24       2500        286          28.2        278.4     716.9      278.1
 25       2700        278          29.8        276.8     699.4      276.6
 26       2900        270          31.4        275.3     682.3      275.1
 27       3100        267          31.8        273.9     665.5      273.8
 28       3300        264          31.6        272.6     649.2      272.4
 29       3500        263          30.3        271.1     633.1      271.0
 30       3700        263          29.0        269.7     617.3      269.6
 31       3900        262          27.6        268.1     601.8      268.0
 32       4250        259          27.2        265.0     575.3      264.9
 33       4750        260          30.0        260.7     539.1      260.6
 34       5250        265          34.0        256.9     504.6      256.8
 35       5750        266          38.5        253.2     471.9      253.2
 36       6250        264          43.3        249.4     440.9      249.4
 37       6750        263          47.6        245.5     411.6      245.5
 38       7250        262          51.8        241.6     383.7      241.6
 39       7750        260          57.5        238.1     357.4      238.0
 40       8250        258          64.5        235.0     332.5      235.0
 41       8750        256          72.0        232.4     309.1      232.4
 42       9250        253          79.8        230.3     287.0      230.3
 43       9750        251          87.7        228.9     266.5      228.9
 44      10250        248          95.0        227.9     247.3      227.9
 45      10750        246         101.0        227.0     229.4      227.0
 46      11250        244         105.3        225.8     212.7      225.8
 47      11750        243         107.5        224.3     197.2      224.3
 48      12250        242         107.7        222.4     182.6      222.4
 49      12750        241         105.1        220.3     169.1      220.3
 50      13250        241          99.9        218.3     156.4      218.3
 51      13750        240          93.0        216.3     144.6      216.3
 52      14250        239          84.9        214.4     133.6      214.4
 53      14750        237          76.5        212.7     123.3      212.7
 54      15250        234          68.0        211.0     113.8      211.0
 55      15750        231          59.9        209.3     104.8      209.3
 56      16500        225          52.2        206.8      92.7      206.8
 57      17500        224          42.8        206.9      78.6      206.9
 58      18500        208          34.7        207.8      66.6      207.8
 59      19500        217          23.2        209.0      56.5      209.0
