USER DEFINED layer output

Date: 2015-12-15   Time: 00:00:00  Latitude:   39.0700     Longitude:  -95.6200
Elevation:  269.77     Ceiling:  -999.0     Visibility:  -999.0

 Line  Pres Midpt  Hgt Midpt  Wind Direction  Wind Speed   Virt Temp Temperature
          (hPa)       (m)       (degrees)       (kn)          (K)       (K)

  0      974.1          0         297            9.0         278.1      277.4
  1      962.1        100         299           11.0         277.0      276.3
  2      937.5        309         304           12.7         274.9      274.2
  3      912.5        526         334           13.4         273.9      273.2
  4      887.5        749         328            9.2         276.4      275.6
  5      862.5        982         306           12.3         278.4      277.6
  6      837.5       1222         314           16.5         279.9      279.2
  7      812.5       1471         319           19.2         281.4      281.0
  8      787.5       1729         316           21.1         281.9      281.7
  9      762.5       1995         307           23.2         281.4      281.3
 10      737.5       2269         295           25.9         280.1      279.9
 11      712.5       2551         284           28.6         278.0      277.7
 12      687.5       2840         272           30.9         275.8      275.6
 13      662.5       3138         266           31.8         273.7      273.5
 14      637.5       3446         264           30.7         271.5      271.4
 15      612.5       3763         262           28.5         269.2      269.1
 16      587.5       4089         260           26.8         266.5      266.4
 17      562.5       4427         258           27.9         263.4      263.3
 18      537.5       4775         260           30.2         260.5      260.4
 19      512.5       5137         264           33.1         257.7      257.6
 20      487.5       5513         266           36.2         254.9      254.9
 21      462.5       5904         265           40.0         252.1      252.0
 22      437.5       6312         263           43.9         248.9      248.9
 23      412.5       6738         263           47.5         245.6      245.6
 24      390.0       7138         262           50.7         242.4      242.4
 25      375.0       7413         261           53.5         240.4      240.4
 26      365.0       7604         261           55.6         239.0      239.0
 27      355.0       7797         260           58.1         237.7      237.7
 28      345.0       7995         259           60.9         236.5      236.5
 29      335.0       8199         258           63.8         235.3      235.3
 30      325.0       8407         257           66.8         234.2      234.2
 31      315.0       8621         257           70.0         233.0      233.0
 32      305.0       8841         256           73.4         232.0      231.9
 33      295.0       9067         254           76.9         231.0      231.0
 34      285.0       9300         253           80.6         230.1      230.1
 35      275.0       9540         252           84.4         229.4      229.4
 36      265.0       9789         250           88.3         228.8      228.8
 37      255.0      10046         249           92.2         228.2      228.2
 38      245.0      10314         248           95.8         227.8      227.8
 39      235.0      10592         246           99.5         227.3      227.3
 40      225.0      10881         245          102.3         226.7      226.7
 41      215.0      11182         244          104.9         226.0      226.0
 42      205.0      11496         244          106.6         225.1      225.1
 43      195.0      11826         243          107.8         224.0      224.0
 44      185.0      12170         242          107.8         222.7      222.7
 45      175.0      12531         242          106.7         221.2      221.2
 46      165.0      12911         241          103.7         219.7      219.7
 47      155.0      13312         241           99.1         218.0      218.0
 48      145.0      13737         240           93.2         216.3      216.3
 49      135.0      14187         239           86.0         214.6      214.6
 50      125.0      14670         237           77.8         213.0      213.0
 51      115.0      15188         235           69.1         211.2      211.2
 52      105.0      15749         231           59.9         209.3      209.3
 53       95.0      16359         226           52.8         207.2      207.2
 54       85.0      17033         224           49.1         205.9      205.9
 55       77.5      17582         226           41.7         207.2      207.2
 56       72.5      17988         216           35.4         208.2      208.2
 57       67.5      18424         207           35.5         207.9      207.9
 58       62.5      18891         208           33.0         207.7      207.7
 59       57.5      19401         216           24.5         209.1      209.1
