USER DEFINED level output

Date: 2015-12-15   Time: 00:00:00  Latitude:   39.0700     Longitude:  -95.6200
Elevation:  269.77     Ceiling:  -999.0     Visibility:  -999.0

 Line   Pressure    Height   Wind Direction  Wind Speed   Virt Temp Temperature
          (hPa)       (m)      (degrees)       (kn)         (K)       (K)

  0      974.1          0         297          9.0         278.1      277.4
  1      950.0        201         301         12.3         275.9      275.2
  2      925.0        416         315         13.5         274.0      273.3
  3      900.0        635         346         11.7         274.1      273.4
  4      875.0        863         309          9.8         277.9      277.1
  5      850.0       1100         308         14.9         278.9      278.1
  6      825.0       1344         318         18.1         280.8      280.2
  7      800.0       1598         318         20.2         281.8      281.5
  8      775.0       1860         312         22.1         281.8      281.6
  9      750.0       2130         301         24.5         280.9      280.7
 10      725.0       2408         290         27.2         279.1      278.9
 11      700.0       2693         278         29.8         276.9      276.7
 12      675.0       2987         268         31.8         274.7      274.5
 13      650.0       3290         264         31.8         272.6      272.5
 14      625.0       3602         263         29.6         270.4      270.3
 15      600.0       3923         261         27.5         267.9      267.8
 16      575.0       4255         259         27.1         265.0      264.9
 17      550.0       4598         258         28.8         261.9      261.8
 18      525.0       4953         263         31.6         259.1      259.0
 19      500.0       5321         265         34.5         256.4      256.3
 20      475.0       5703         266         38.0         253.5      253.5
 21      450.0       6103         264         42.0         250.6      250.5
 22      425.0       6520         263         45.9         247.3      247.3
 23      400.0       6955         262         49.1         243.8      243.8
 24      380.0       7319         262         52.5         241.1      241.1
 25      370.0       7507         261         54.5         239.7      239.7
 26      360.0       7699         260         56.8         238.3      238.3
 27      350.0       7895         259         59.5         237.1      237.1
 28      340.0       8096         259         62.3         235.9      235.9
 29      330.0       8302         258         65.3         234.7      234.7
 30      320.0       8512         257         68.4         233.6      233.6
 31      310.0       8730         256         71.7         232.5      232.5
 32      300.0       8952         255         75.1         231.5      231.5
 33      290.0       9181         254         78.7         230.6      230.6
 34      280.0       9418         253         82.5         229.7      229.7
 35      270.0       9662         251         86.3         229.1      229.1
 36      260.0       9915         250         90.3         228.5      228.5
 37      250.0      10177         248         94.0         228.0      228.0
 38      240.0      10450         247         97.7         227.5      227.5
 39      230.0      10733         246        100.9         227.0      227.0
 40      220.0      11028         245        103.6         226.3      226.3
 41      210.0      11335         244        105.9         225.6      225.6
 42      200.0      11657         243        107.3         224.6      224.6
 43      190.0      11993         243        107.9         223.4      223.4
 44      180.0      12346         242        107.6         222.0      222.0
 45      170.0      12715         241        105.3         220.5      220.5
 46      160.0      13106         241        101.8         218.9      218.9
 47      150.0      13518         240         96.4         217.2      217.2
 48      140.0      13954         240         89.7         215.5      215.5
 49      130.0      14420         238         82.1         213.8      213.8
 50      120.0      14919         236         73.6         212.1      212.1
 51      110.0      15456         233         64.6         210.3      210.3
 52      100.0      16040         229         55.9         208.3      208.3
 53       90.0      16678         223         51.1         206.1      206.1
 54       80.0      17388         226         45.2         206.5      206.5
 55       75.0      17778         222         38.0         207.8      207.8
 56       70.0      18198         211         35.1         208.2      208.2
 57       65.0      18649         206         35.2         207.5      207.5
 58       60.0      19134         211         29.7         208.4      208.4
 59       55.0      19668         221         20.0         209.4      209.4
