USER DEFINED layer output

Date: 15Dec2015   Time: 00Z  Latitude:   39.0700     Longitude:  -95.6200
Elevation:  270.00     Ceiling:  -999.0     Visibility:  -999.0

 Line  Pres Midpt Hgt Midpt  Wind Direction  Wind Speed   Virt Temp Temperature
          (mb)        (m)      (degrees)       (kn)          (K)        (K)

  0      974.0          0         300           5.0         279.0      278.2
  1      962.0        100         296           7.5         277.8      277.0
  2      937.5        306         291          12.1         276.0      275.3
  3      912.5        523         292          13.2         275.4      274.7
  4      887.5        747         286          12.9         276.0      275.2
  5      862.5        979         273          16.5         278.4      277.6
  6      837.5       1219         281          19.8         280.4      279.8
  7      812.5       1469         294          17.2         281.1      280.7
  8      787.5       1727         300          18.8         282.6      282.5
  9      762.5       1993         300          23.4         282.1      281.9
 10      737.5       2268         296          27.9         280.6      280.4
 11      712.5       2551         288          29.9         279.0      278.7
 12      687.5       2838         283          30.1         276.8      276.6
 13      662.5       3130         279          30.5         274.4      274.2
 14      637.5       3434         274          30.8         271.9      271.7
 15      612.5       3750         266          30.2         269.3      269.1
 16      587.5       4079         259          31.5         266.5      266.4
 17      562.5       4423         255          35.3         263.6      263.5
 18      537.5       4780         258          36.0         260.7      260.6
 19      512.5       5145         263          36.0         258.4      258.4
 20      487.5       5521         269          38.0         255.5      255.5
 21      462.5       5910         274          41.1         252.9      252.8
 22      437.5       6314         273          43.0         249.4      249.3
 23      412.5       6740         271          45.0         245.6      245.6
 24      390.0       7141         268          46.4         242.1      242.1
 25      375.0       7416         265          48.8         239.8      239.8
 26      365.0       7608         264          53.9         238.3      238.2
 27      355.0       7802         263          58.7         237.7      237.7
 28      345.0       8001         263          63.9         236.6      236.6
 29      335.0       8205         262          69.5         235.0      235.0
 30      325.0       8414         262          75.1         233.6      233.6
 31      315.0       8627         261          80.6         232.5      232.5
 32      305.0       8848         260          86.1         232.3      232.3
 33      295.0       9074         259          86.4         231.8      231.8
 34      285.0       9306         256          82.5         230.6      230.6
 35      275.0       9546         253          78.6         229.3      229.3
 36      265.0       9794         250          76.7         228.0      228.0
 37      255.0      10050         250          84.4         227.1      227.1
 38      245.0      10316         250          94.4         226.4      226.4
 39      235.0      10593         250         106.2         226.6      226.6
 40      225.0      10882         249         111.0         226.9      226.9
 41      215.0      11183         247         111.2         226.6      226.6
 42      205.0      11498         246         111.7         225.6      225.6
 43      195.0      11828         243         113.4         224.5      224.5
 44      185.0      12173         241         116.3         223.4      223.4
 45      175.0      12536         240         116.0         222.4      222.4
 46      165.0      12920         240         114.5         220.6      220.6
 47      155.0      13323         242         103.9         219.6      219.6
 48      145.0      13750         245          86.9         217.9      217.9
 49      135.0      14201         242          84.1         214.9      214.9
 50      125.0      14683         241          80.8         213.6      213.6
 51      115.0      15199         243          64.7         211.5      211.5
 52      105.0      15759         233          48.3         208.8      208.8
 53       95.0      16367         214          49.1         204.7      204.7
 54       85.0      17040         221          53.1         205.5      205.5
 55       77.5      17594         222          40.1         207.7      207.7
 56       72.5      17999         207          45.0         206.7      206.7
 57       67.5      18433         214          39.0         206.4      206.4
 58       62.5      18901         223          29.4         209.0      209.0
 59       57.5      19410         236          18.2         209.3      209.3
 60       52.5      19969         267           8.9         209.2      209.2
 61       47.5      20583         251           9.7         210.0      210.0
 62       42.5      21277         208           4.8         212.4      212.4
 63       37.5      22061         265          11.1         214.6      214.6
 64       32.5      22967         286           8.8         214.0      214.0
 65       27.5      24021         269           9.6         215.8      215.8
 66       22.5      25309         281          18.3         216.7      216.7
 67       17.5      26916         295          27.7         214.7      214.7
 68       12.5      29118         297          47.1         218.9      218.9
