  39.0700  -95.6200    269.77 2015-12-15_00:00:00   3000.0   39.0700  -95.6200     2
   269.77  974.14    4.24   82.30    4.61  297.48
   281.40  972.55    4.08   82.04    4.17  297.48
   312.45  968.77    3.68   83.57    5.32  298.26
   359.18  963.24    3.18   85.90    5.88  299.04
   413.92  956.74    2.62   88.69    6.15  299.79
   476.82  949.33    1.98   91.99    6.33  300.57
   547.97  940.99    1.28   95.86    6.46  301.64
   623.57  932.20    0.53  100.00    6.57  303.47
   711.82  921.98   -0.00  100.00    7.16  319.47
   813.17  910.41   -0.02  100.00    7.45  341.05
   928.35  897.41    0.32  100.00    5.66  347.44
  1058.79  883.04    3.66   88.38    4.31  315.22
  1205.43  867.27    4.21   84.80    5.82  304.06
  1368.37  850.11    4.89   75.67    7.64  308.36
  1553.54  831.10    6.59   50.99    9.01  316.62
  1762.33  810.27    8.13   25.36   10.00  320.03
  1991.45  788.08    8.65   11.61   10.82  316.83
  2246.87  764.06    8.28    9.30   11.87  308.14
  2530.24  738.19    6.87   15.51   13.38  296.00
  2843.08  710.46    4.40   20.27   14.92  283.19
  3181.76  681.35    1.87   15.96   16.34  269.55
  3543.26  651.33   -0.52   11.35   16.41  264.20
  3936.02  619.93   -3.29   13.05   15.01  262.69
  4356.60  587.61   -6.74   18.04   13.58  260.48
  4794.76  555.28  -10.83   21.42   14.54  257.01
  5259.33  522.49  -14.45   21.97   16.40  263.02
  5754.01  489.25  -18.06   17.50   18.45  266.56
  6268.13  456.48  -21.82   12.22   21.09  264.76
  6804.12  424.18  -25.99    9.45   23.66  262.53
  7355.32  392.80  -30.37   11.77   25.75  262.48
  7915.39  362.80  -34.51   16.95   28.82  260.53
  8485.10  334.19  -37.99   18.97   32.92  258.15
  9066.69  306.97  -41.05   16.32   37.39  256.07
  9661.14  281.13  -43.44   10.63   42.24  252.68
 10259.21  257.14  -44.86    5.41   47.06  249.28
 10873.44  234.54  -45.88    2.73   51.33  246.43
 11487.63  213.78  -47.23    2.18   54.20  244.33
 12098.31  194.87  -49.08    2.45   55.56  242.88
 12695.51  177.80  -51.48    2.77   55.34  241.80
 13273.51  162.58  -53.89    2.90   53.03  241.08
 13861.56  148.28  -56.30    3.00   49.12  240.37
 14436.62  135.36  -58.46    3.11   44.44  239.25
 14993.91  123.83  -60.35    3.21   39.56  237.18
 15523.36  113.68  -62.17    3.37   34.96  234.44
 16044.87  104.45  -63.89    3.57   30.52  230.76
 16548.80   96.14  -65.73    4.00   27.16  226.39
 17000.27   89.22  -67.23    4.45   26.20  222.38
 17453.60   82.76  -67.48    4.11   25.10  224.86
 17869.94   77.22  -65.86    2.91   21.32  226.83
 18245.09   72.61  -64.77    2.28   17.75  215.89
 18645.56   67.99  -65.17    2.34   18.43  206.81
 19027.59   63.84  -65.90    2.61   17.95  205.71
 19342.13   60.61  -65.03    2.44   15.92  210.21
 19627.88   57.85  -63.84    2.11   12.94  216.03
 19928.54   55.08  -63.77    2.10   10.33  221.29
 20189.57   52.77  -64.14    2.22    8.87  224.70
 20407.16   50.92  -64.64    2.35    8.25  226.86
