USER DEFINED LEVEL OUTPUT (MODEL)

Date: 2015-12-15   Time: 00:00:00  Latitude:   39.0700     Longitude:  -95.6200
Elevation:  269.77     Ceiling:  -999.0     Visibility:  -999.0

Level   Height  Wind Direction  Wind Speed   Virt Temp  Pressure  Temperature
          (m)      (degrees)      (kn)          (K)      (hPa)        (K)

  0          0        297           9.0         278.1     974.1      277.4
  1         50        298          10.5         277.5     967.9      276.8
  2        100        299          11.5         276.9     962.0      276.2
  3        200        300          12.3         275.9     950.2      275.2
  4        300        302          12.6         274.9     938.4      274.2
  5        400        312          13.2         274.1     926.8      273.4
  6        500        332          14.0         273.8     915.3      273.1
  7        600        344          12.8         274.0     904.0      273.3
  8        700        339           9.9         275.3     892.8      274.5
  9        800        314           8.6         277.7     881.8      276.9
 10        900        306          10.6         278.1     871.1      277.2
 11       1000        306          12.7         278.5     860.4      277.6
 12       1100        308          14.9         278.9     850.0      278.1
 13       1200        313          16.3         279.7     839.6      279.0
 14       1300        317          17.7         280.5     829.5      279.9
 15       1400        319          18.6         281.1     819.4      280.6
 16       1500        320          19.5         281.7     809.5      281.3
 17       1600        318          20.2         281.8     799.8      281.5
 18       1700        317          20.9         282.0     790.1      281.8
 19       1800        314          21.6         281.9     780.6      281.7
 20       1900        311          22.4         281.7     771.2      281.6
 21       2000        307          23.3         281.5     761.9      281.3
 22       2200        298          25.3         280.5     743.6      280.3
 23       2400        290          27.2         279.2     725.7      278.9
 24       2600        282          29.2         277.6     708.1      277.4
 25       2800        274          30.7         276.1     690.9      275.9
 26       3000        268          31.8         274.6     673.9      274.4
 27       3200        265          31.8         273.2     657.3      273.1
 28       3400        264          31.0         271.9     641.1      271.7
 29       3600        263          29.6         270.4     625.1      270.3
 30       3800        262          28.3         268.9     609.5      268.8
 31       4000        261          27.0         267.2     594.2      267.1
 32       4500        257          28.2         262.7     557.1      262.6
 33       5000        263          32.0         258.7     521.8      258.6
 34       5500        266          36.0         255.0     488.2      255.0
 35       6000        265          41.0         251.4     456.4      251.3
 36       6500        263          45.7         247.5     426.2      247.4
 37       7000        262          49.4         243.5     397.5      243.5
 38       7500        261          54.5         239.7     370.4      239.7
 39       8000        259          61.0         236.5     344.8      236.5
 40       8500        257          68.2         233.7     320.6      233.7
 41       9000        255          75.9         231.3     297.9      231.3
 42       9500        252          83.8         229.5     276.6      229.5
 43      10000        249          91.6         228.3     256.7      228.3
 44      10500        247          98.4         227.5     238.2      227.5
 45      11000        245         103.4         226.4     220.9      226.4
 46      11500        244         106.6         225.1     204.8      225.1
 47      12000        243         107.9         223.4     189.8      223.4
 48      12500        242         107.0         221.4     175.8      221.4
 49      13000        241         103.1         219.3     162.7      219.3
 50      13500        240          96.7         217.2     150.4      217.2
 51      14000        240          89.0         215.3     139.0      215.3
 52      14500        238          80.7         213.6     128.4      213.6
 53      15000        236          72.2         211.9     118.5      211.9
 54      15500        233          63.8         210.2     109.2      210.2
 55      16000        229          56.4         208.4     100.7      208.4
 56      17000        224          49.6         205.8      85.3      205.8
 57      18000        215          34.6         208.4      72.3      208.4
 58      19000        209          31.8         207.9      61.3      207.9
 59      20000        225          16.8         208.8      52.1      208.8
