72456 TOP Topeka Observations at 00Z 15 Dec 2015

-----------------------------------------------------------------------------
   PRES   HGHT   TEMP   DWPT   RELH   MIXR   DRCT   SKNT   THTA   THTE   THTV
    hPa     m      C      C      %    g/kg    deg   knot     K      K      K 
-----------------------------------------------------------------------------
 1000.0     48                                                               
  974.0    270    5.0    3.5     90   5.08    300      5  280.2  294.4  281.1
  970.0    303    4.4    2.1     85   4.61    299      6  280.0  292.9  280.8
  933.4    610    1.8    0.8     93   4.36    290     13  280.4  292.7  281.2
  925.0    682    1.2    0.5     95   4.31    290     14  280.5  292.7  281.3
  920.0    726    0.8    0.2     96   4.24    291     14  280.6  292.5  281.3
  899.0    912    2.6    2.2     97   5.01    295     12  284.3  298.5  285.1
  898.8    914    2.6    2.2     97   5.01    295     12  284.3  298.5  285.1
  876.0   1121    1.4    1.1     98   4.75    278     14  285.1  298.7  285.9
  873.0   1149    1.8    1.5     98   4.91    276     14  285.8  299.9  286.7
  866.0   1215    5.0    3.4     89   5.67    270     15  289.8  306.2  290.8
  865.5   1219    5.0    3.3     89   5.63    270     15  289.9  306.2  290.9
  854.0   1329    5.2    0.7     73   4.74    274     19  291.2  305.1  292.0
  850.0   1367    5.6   -0.4     65   4.39    275     21  292.0  305.0  292.8
  837.0   1493    7.0   -5.0     42   3.16    282     20  294.8  304.4  295.3
  810.0   1763    7.4   -9.6     29   2.29    296     17  298.0  305.2  298.4
  803.5   1829    8.2  -20.5     11   0.94    300     16  299.5  302.6  299.7
  799.0   1876    8.8  -28.2      5   0.47    300     17  300.6  302.3  300.7
  792.0   1948    9.6  -34.4      3   0.26    300     18  302.2  303.2  302.3
  774.5   2134    9.4  -21.7      9   0.88    300     21  304.0  307.0  304.1
  773.0   2149    9.4  -20.6     10   0.97    300     21  304.1  307.4  304.3
  746.4   2438    7.8  -19.2     13   1.12    300     27  305.4  309.2  305.6
  719.2   2743    6.1  -17.8     16   1.32    290     30  306.8  311.2  307.0
  712.0   2825    5.6  -17.4     17   1.38    288     30  307.2  311.8  307.4
  700.0   2964    4.6  -17.4     19   1.40    285     30  307.6  312.3  307.8
  641.1   3658   -1.1  -20.8     21   1.14    275     31  308.9  312.8  309.1
  593.5   4267   -6.1  -23.9     23   0.94    260     30  309.9  313.2  310.1
  571.0   4572   -8.7  -25.4     25   0.86    255     35  310.4  313.4  310.6
  549.4   4877  -11.2  -26.9     26   0.78    255     36  310.9  313.6  311.0
  535.0   5086  -12.9  -27.9     27   0.72    258     36  311.2  313.7  311.3
  521.0   5288  -13.9  -37.9     11   0.28    261     36  312.3  313.4  312.4
  500.0   5600  -16.1  -33.1     22   0.47    265     36  313.4  315.1  313.4
  490.0   5751  -17.7  -33.7     23   0.46    268     38  313.2  314.9  313.3
  478.0   5935  -18.5  -46.5      7   0.12    272     39  314.4  314.9  314.5
  467.7   6096  -19.6  -47.6      6   0.11    275     41  315.0  315.5  315.1
  465.0   6139  -19.9  -47.9      6   0.11    275     41  315.2  315.6  315.2
  400.0   7230  -29.5  -55.5      6   0.05    270     46  316.6  316.8  316.6
  378.5   7620  -32.8  -56.5      7   0.05    265     47  317.2  317.4  317.2
  363.0   7916  -35.3  -57.3      9   0.05    264     55  317.7  317.9  317.7
  352.0   8131  -35.5  -59.5      7   0.04    263     60  320.3  320.4  320.3
  329.0   8599  -39.1  -56.1     15   0.06    262     73  321.6  321.8  321.6
  316.0   8875  -40.7  -59.7     11   0.04    261     80  323.1  323.2  323.1
  303.8   9144  -40.9  -65.9      5   0.02    260     87  326.5  326.6  326.5
  300.0   9230  -40.9  -67.9      4   0.01    260     88  327.6  327.7  327.6
  299.0   9253  -40.9  -67.9      4   0.01    260     88  327.9  328.0  327.9
  265.2  10058  -45.1  -73.0      3   0.01    250     75  333.2  333.2  333.2
  261.0  10165  -45.7  -73.7      3   0.01    250     79  333.9  333.9  333.9
  250.0  10450  -46.3  -73.3      3   0.01    250     89  337.1  337.1  337.1
  247.0  10530  -46.9  -73.9      3   0.01    250     92  337.4  337.4  337.4
  231.1  10973  -46.5  -75.7      2   0.01    250    111  344.5  344.6  344.5
  219.0  11329  -46.1  -77.1      2   0.00    248    111  350.4  350.4  350.4
  200.0  11930  -48.1  -79.1      2   0.00    245    112  356.4  356.5  356.4
  183.4  12497  -49.9  -81.9      1   0.00    240    117  362.5  362.6  362.5
  181.0  12583  -50.1  -82.3      1   0.00    240    117  363.5  363.5  363.5
  169.0  13032  -51.5  -84.5      1   0.00    240    115  368.4  368.4  368.4
  162.0  13305  -53.5  -86.5      1   0.00    240    114  369.5  369.5  369.5
  159.4  13411  -53.4  -86.4      1   0.00    240    114  371.3  371.4  371.3
  155.0  13589  -53.3  -86.3      1   0.00    242    104  374.5  374.5  374.5
  150.0  13800  -54.3  -87.3      1   0.00    245     93  376.3  376.3  376.3
  144.9  14021  -55.2  -87.5      1   0.00    245     85  378.6  378.6  378.6
  143.0  14104  -55.5  -87.5      1   0.00    245     85  379.4  379.4  379.4
  134.0  14514  -58.9  -88.9      1   0.00    242     84  380.5  380.5  380.5
  125.3  14935  -59.4  -88.5      1   0.00    240     83  386.9  386.9  386.9
  124.0  14998  -59.5  -88.5      1   0.00    241     81  387.9  387.9  387.9
  119.2  15240  -60.6  -88.9      1   0.00    245     73  390.1  390.1  390.1
  112.0  15628  -62.5  -89.5      2   0.00    242     59  393.7  393.8  393.7
  110.0  15739  -62.1  -90.1      1   0.00    241     55  396.5  396.5  396.5
  108.0  15850  -63.0  -90.2      1   0.00    240     51  396.9  396.9  396.9
  100.0  16320  -66.7  -90.7      2   0.00    220     45  398.6  398.6  398.6
   91.7  16842  -69.9  -91.9      3   0.00    210     52  402.2  402.3  402.2
   88.3  17069  -67.5  -90.2      3   0.00    225     56  411.5  411.5  411.5
   87.3  17138  -66.7  -89.7      3   0.00    223     56  414.4  414.4  414.4
   84.0  17374  -68.0  -89.4      3   0.00    215     54  416.3  416.3  416.3
   83.3  17422  -68.3  -89.3      4   0.00    217     53  416.7  416.7  416.7
   79.8  17678  -67.5  -89.5      3   0.00    230     47  423.3  423.3  423.3
   79.6  17697  -67.5  -89.5      3   0.00    229     46  423.8  423.8  423.8
   77.2  17883  -64.1  -88.1      2   0.00    220     39  434.6  434.6  434.6
   76.0  17983  -64.7  -88.4      3   0.00    215     35  435.3  435.3  435.3
   72.2  18288  -66.6  -89.1      3   0.00    205     48  437.6  437.6  437.6
   70.6  18428  -67.5  -89.5      3   0.00    205     47  438.6  438.6  438.6
   70.0  18480  -67.3  -89.3      3   0.00    205     47  440.1  440.1  440.1
   65.3  18898  -66.2  -89.1      3   0.00    225     33  451.2  451.2  451.2
   64.7  18955  -66.1  -89.1      3   0.00    225     32  452.7  452.7  452.7
   62.0  19215  -63.1  -89.1      2   0.00    222     29  464.9  464.9  464.9
   59.1  19507  -63.9  -89.2      2   0.00    220     25  469.5  469.5  469.5
   57.7  19654  -64.3  -89.3      2   0.00    237     20  471.8  471.9  471.8
   56.2  19812  -63.7  -89.7      2   0.00    255     15  476.7  476.7  476.7
   54.8  19970  -63.1  -90.1      2   0.00    286      9  481.6  481.6  481.6
   53.5  20117  -63.9  -90.5      2   0.00    315      4  483.1  483.1  483.1
   51.9  20302  -64.9  -90.9      2   0.00    269     11  484.9  484.9  484.9
   50.9  20422  -64.0  -90.5      2   0.00    240     15  489.9  489.9  489.9
   50.0  20530  -63.1  -90.1      2   0.00    260     13  494.4  494.4  494.4
   49.8  20555  -62.9  -89.9      2   0.00    261     13  495.4  495.4  495.4
   48.4  20726  -63.1  -90.1      2   0.00    265     11  498.8  498.8  498.8
   46.3  21003  -63.5  -90.5      1   0.00    235      9  504.4  504.4  504.4
   43.9  21336  -61.5  -90.3      1   0.00    200      6  517.1  517.1  517.1
   42.3  21563  -60.1  -90.1      1   0.00    207      5  526.0  526.0  526.0
   39.8  21946  -60.1  -90.1      1   0.00    220      2  535.2  535.3  535.2
   39.7  21960  -60.1  -90.1      1   0.00    222      2  535.6  535.6  535.6
   37.9  22250  -58.2  -89.9      1   0.00    255     12  547.5  547.5  547.5
   37.6  22301  -57.9  -89.9      1   0.00    258     13  549.6  549.6  549.6
   36.1  22555  -58.1  -89.7      1   0.00    275     17  555.3  555.4  555.3
   34.4  22860  -58.4  -89.6      1   0.00    280     11  562.3  562.4  562.3
   33.9  22954  -58.5  -89.5      1   0.00    282     10  564.5  564.5  564.5
   32.4  23238  -60.3  -91.3      1   0.00    287      9  567.1  567.1  567.1
   30.0  23720  -58.5  -89.5      1   0.00    295      6  584.6  584.6  584.6
   28.3  24079  -57.6  -89.1      1   0.01    240      3  596.6  596.6  596.6
   27.0  24384  -56.9  -88.7      1   0.01    245     15  607.0  607.0  607.0
   26.3  24549  -56.5  -88.5      1   0.01    272     16  612.6  612.7  612.6
   25.7  24689  -56.9  -88.8      1   0.01    295     16  615.5  615.6  615.5
   24.7  24945  -57.5  -89.5      1   0.01    270     13  620.8  620.9  620.8
   24.5  24994  -57.1  -89.1      1   0.01    265     12  623.5  623.5  623.5
   23.9  25153  -55.7  -87.7      1   0.01    275     15  631.9  632.0  631.9
   23.4  25298  -55.9  -87.9      1   0.01    285     18  635.6  635.7  635.6
   22.3  25603  -56.2  -88.2      1   0.01    270     18  643.4  643.5  643.4
   20.7  26063  -56.7  -88.7      1   0.01    289     23  655.4  655.5  655.4
   20.2  26213  -57.1  -89.1      1   0.01    295     24  658.6  658.7  658.6
   20.0  26280  -57.3  -89.3      1   0.01    290     24  660.0  660.1  660.0
   18.4  26822  -59.5  -90.7      1   0.01    275     22  669.7  669.8  669.7
   17.9  26977  -60.1  -91.1      1   0.01    281     24  672.5  672.5  672.5
   16.6  27432  -58.1  -89.8      1   0.01    300     31  693.1  693.1  693.1
   16.2  27604  -57.3  -89.3      1   0.01    308     33  701.0  701.1  701.0
   15.9  27737  -57.7  -89.3      1   0.01    315     35  703.9  704.0  703.9
   15.4  27924  -58.3  -89.3      1   0.01    307     37  707.9  708.0  707.9
   14.4  28346  -55.9  -87.6      1   0.01    290     42  729.6  729.8  729.6
   14.1  28483  -55.1  -87.1      1   0.01    291     43  736.8  737.0  736.8
   13.5  28761  -55.7  -87.7      1   0.01    294     44  744.0  744.1  744.0
   13.1  28953  -53.7  -86.7      1   0.02    296     45  757.3  757.5  757.3
   12.1  29464  -53.3  -86.3      1   0.02    301     48  776.1  776.3  776.1
   11.4  29870  -53.9  -86.9      1   0.02    305     50  788.0  788.2  788.0
   10.9  30135  -54.3  -87.3      1   0.02    298     51  795.9  796.2  796.0
   10.3  30480  -53.3  -86.3      1   0.02    290     53  811.9  812.1  811.9
   10.1  30626  -52.9  -85.9      1   0.02    290     54  818.7  819.0  818.7
   10.0  30690  -53.1  -86.1      1   0.02    290     55  820.3  820.6  820.3
    8.1  32039  -55.9  -87.9      1   0.02    282     58  860.1  860.4  860.1
    7.8  32309  -55.8  -87.8      1   0.02    280     58  870.9  871.2  870.9
    7.4  32615  -55.7  -87.7      1   0.02    278     65  883.4  883.7  883.4
    7.1  32879  -54.1  -87.1      1   0.03    276     72  900.5  900.9  900.5
    7.0  32970  -54.5  -87.5      1   0.03    275     74  902.5  902.9  902.5
    6.4  33528  -55.0  -87.5      1   0.03    280     75  923.1  923.5  923.1
    5.9  34062  -55.5  -87.5      1   0.03    274     87  943.3  943.8  943.3
    5.6  34442  -53.0  -85.6      1   0.05    270     95  970.6  971.3  970.6
    5.4  34631  -51.7  -84.7      1   0.06    270     95  984.4  985.2  984.4
    5.0  35130  -52.1  -85.1      1   0.06    270     84 1004.5 1005.3 1004.5
    4.6  35672  -50.3  -84.3      1   0.07               1037.0 1038.2 1037.1


Station information and sounding indices

                         Station identifier: TOP
                             Station number: 72456
                           Observation time: 151215/0000
                           Station latitude: 39.07
                          Station longitude: -95.62
                          Station elevation: 270.0
                            Showalter index: 9.49
                               Lifted index: 18.01
    LIFT computed using virtual temperature: 18.02
                                SWEAT index: 77.99
                                    K index: -0.70
                         Cross totals index: 15.70
                      Vertical totals index: 21.70
                        Totals totals index: 37.40
      Convective Available Potential Energy: 0.00
             CAPE using virtual temperature: 0.00
                      Convective Inhibition: 0.00
             CINS using virtual temperature: 0.00
                     Bulk Richardson Number: 0.00
          Bulk Richardson Number using CAPV: 0.00
  Temp [K] of the Lifted Condensation Level: 274.10
Pres [hPa] of the Lifted Condensation Level: 924.53
     Mean mixed layer potential temperature: 280.33
              Mean mixed layer mixing ratio: 4.46
              1000 hPa to 500 hPa thickness: 5552.00
Precipitable water [mm] for entire sounding: 10.50
